-203939069.6451613
118544336.33333333
110324179.0925926
158018679.65789473
221147072.18333334
55565329.06666667
178730981.1029412
-108120203.96428572
32367887.5
18914419.096774194
-118195999.28
-17407829.675675675
-352370469.22727275
-155221272.36231884
-140070815.85185185
234784212.88135594
316958252.275
112943593.3235294
316584794.075
-178454493.10204083
46998719.615384616
5990033.688311689
-128624970.81818181
-49652388.565789476
-139435863.62068966
-57146100.97142857
-158717615.52941176
-149172677.91666666
147070973.31707317
55818274.13846154
-22405782.45945946
-91569297.09589042
-255147159.65853658
143074793.13043478
128386809.14285715
-224026538.0277778
52967319.328947365
44714489.473684214
10310152.475409836
13482408.037037037
163800431.57142857
-125567575.91228071
-87068841.21917808
-181527298.76811594
-89826313.875
124498504.94545455
-56817954.7368421
59308386.61904762
-37737156.38297872
176715220.5
-215167646.20408162
-83340140.36363636
-198194426.5357143
11399608.037974684
-441125274.0322581
-124845265.0
231904631.875
