16310.0,14134.0,19708.0,19195.0,16412.0,17114.0,12701.0,15472.0,17387.0,18570.0,13740.0,17147.0,19473.0,18096.0,15408.0,16082.0,19050.0,19382.0,15080.0,14267.0,14276.0,15696.0,13988.0,12280.0,16959.0,15697.0,17860.0,
17020.0,15731.0,13079.0,14670.0,17633.0,13295.0,19600.0,17965.0,15718.0,18638.0,12395.0,15424.0,16949.0,17848.0,18472.0,15706.0,14026.0,
12112.0,14473.0,12914.0,12547.0,14769.0,15307.0,15992.0,17163.0,19856.0,15991.0,17804.5,19618.0,15522.0,16863.0,17733.0,15656.0,16216.0,14360.0,
19467.0,13523.0,16706.0,19275.0,12374.0,17698.0,12510.0,18036.0,
12675.0,16300.0,13888.0,19476.0,14700.0,13005.0,18796.0,18128.0,19739.0,15183.0,14862.0,12004.0,14275.0,13872.0,
18682.0,16106.0,14620.0,18463.0,19413.0,17359.0,19436.0,13433.0,16610.5,19788.0,16568.5,13349.0,14169.0,18117.0,13957.0,12768.0,16435.0,16134.0,18152.0,12296.0,14076.5,15857.0,17072.0,18287.0,16383.0,12427.0,17580.0,19807.0,19227.0,16288.0,16309.0,17855.0,
12392.0,17787.0,17821.0,17675.0,19898.0,17951.0,17453.0,20000.0,18033.0,15402.0,
14726.0,19908.0,13613.0,14133.0,17078.0,13292.0,19161.0,18914.0,15888.0,13543.0,13894.0,16474.0,16642.0,17468.0,14479.0,13735.0,17144.0,19690.0,14993.5,19978.0,15410.0,17481.0,18992.0,12528.0,17453.0,13857.0,18206.0,18359.0,17070.0,13718.0,17871.0,
19495.0,14479.0,19481.0,17961.0,16395.0,19815.0,15616.0,14377.0,19531.0,17498.0,17218.0,15719.0,17916.0,16110.0,18602.0,17173.0,14192.0,12325.0,17198.0,18555.5,19913.0,18047.0,18619.0,12131.0,19089.0,15152.0,14197.0,13242.0,17577.0,19715.0,13773.0,17459.0,12002.0,13755.0,18553.0,18567.0,12874.0,15935.0,12847.0,13910.0,
17208.0,14771.0,18909.0,18715.0,14726.0,14387.0,12994.0,12377.0,13380.0,12103.0,17017.0,14073.0,12735.0,13991.0,14818.0,17755.0,
12004.0,13242.0,15875.0,14549.0,13626.5,12704.0,17706.0,18817.0,17726.0,16799.0,16235.0,15671.0,17014.0,13747.0,13811.0,17869.0,12141.0,19906.0,13277.0,15263.0,14609.0,17402.0,12874.0,13492.0,15631.0,17447.0,16008.0,
14624.0,13448.0,17549.0,12956.0,19720.0,17640.0,15127.0,16863.0,19449.0,15096.5,13970.0,16717.0,15858.5,15000.0,15191.0,18147.0,17654.0,13193.0,16543.0,12498.0,
15463.0,12473.0,13373.0,11896.0,18561.0,16862.0,16893.0,18516.0,16030.0,16167.0,13620.0,12661.0,19322.0,14270.0,17816.0,15016.0,15208.0,13817.0,12426.0,14535.0,16670.0,19666.0,19235.0,17158.0,17300.0,14183.0,19755.0,18929.0,17699.0,
15198.0,15408.0,13175.0,12095.0,14070.0,13051.0,12032.0,14437.0,12019.0,19431.0,16943.0,19551.0,12142.0,17779.0,13475.0,16539.0,19603.0,16035.0,16758.0,12641.5,15792.0,19846.0,14951.0,12611.0,14470.0,
17671.0,18586.0,17590.0,18558.0,14649.0,17002.0,17199.0,19023.0,18576.0,16553.0,14370.5,12188.0,14140.0,16232.0,17406.0,11950.0,12622.0,15612.0,18601.0,
14320.0,12289.0,17780.0,14886.0,19738.0,14663.0,19539.0,13104.0,14677.0,14761.0,12756.0,18524.0,17169.0,19161.0,18063.0,12645.0,15248.0,14344.0,14687.0,17499.0,15802.0,15798.0,12531.0,14880.0,14028.0,15771.0,16736.0,16889.0,
14186.0,14269.0,15919.0,13025.0,19544.0,16054.0,19909.0,13513.0,17087.0,17278.0,
13787.0,19503.0,12018.0,12055.0,17121.0,16327.0,12795.0,14809.0,17014.0,19219.0,17069.0,16865.0,14189.0,16109.0,15312.0,14515.0,14886.0,18034.0,12353.0,16234.0,16952.0,18003.0,12423.0,15744.0,19430.0,16818.0,18360.5,19903.0,16162.0,13200.0,14188.0,15404.0,12191.0,19919.0,15651.0,
15642.0,15671.0,15346.0,19877.0,14768.5,19259.0,11914.0,19172.0,15953.0,12734.0,11960.0,16404.0,14207.5,12011.0,14871.0,15992.0,18233.0,13103.0,11895.0,12292.0,13177.0,12587.0,17179.0,15982.0,18367.0,12759.0,13294.0,
15215.0,15614.0,19172.0,14338.0,17565.0,16173.0,12901.0,17003.0,13621.0,18558.0,19515.0,
15393.0,17568.0,19362.0,17633.0,14369.0,17753.0,16009.0,16294.0,16699.0,12038.0,16265.0,19780.0,13392.0,14341.0,16619.0,19606.0,15084.0,14400.0,19965.0,18973.0,13509.0,14553.0,18476.0,12767.0,
19724.0,19117.0,11885.0,17320.0,19789.0,18636.0,12720.0,13906.0,13535.0,13164.0,12185.0,17642.0,
19535.0,16729.0,12785.0,15464.0,13131.0,14480.0,18370.0,15862.5,13355.0,18656.0,15677.0,17768.0,17938.0,15245.0,12047.0,18797.0,13975.0,13385.0,15431.5,17478.0,17214.0,15621.0,14401.5,19452.0,18051.0,17543.0,16091.0,18521.0,12582.0,16852.0,13878.0,
17231.0,16997.0,19270.0,13053.0,12025.0,12137.0,19554.0,14954.0,15793.0,13760.0,12074.0,18086.0,
12919.0,19559.0,16286.0,13514.0,15588.0,17967.0,17717.0,14498.5,18142.0,19092.0,13495.0,13607.0,13457.0,
19697.0,14698.0,15374.0,13460.0,18113.0,13798.0,15943.0,
13356.0,13448.0,16895.0,11996.0,19470.0,19049.0,19427.0,18411.0,12274.0,13236.0,19845.0,16534.5,13224.0,16478.0,14023.0,
13344.0,17015.0,12102.0,17226.0,12443.0,15912.0,14629.0,12280.0,18538.0,16932.0,12956.0,13250.0,19150.0,16317.0,14581.0,16868.0,12223.0,
16241.0,15295.0,17866.0,15092.0,12126.0,15285.0,17086.0,15329.0,13970.0,11911.0,14853.0,16474.0,15213.0,17151.0,12384.0,14022.0,12076.0,19051.0,17229.0,18000.0,17736.0,16411.0,12480.0,17683.0,16100.0,15396.0,18650.0,13331.0,19774.0,14690.0,16945.0,18209.0,15519.0,
12610.0,13201.0,15212.0,17340.0,15509.0,13222.0,14761.0,16352.0,17943.0,16979.0,19314.0,15080.0,17878.0,18863.0,12435.0,14664.0,12344.0,18268.0,17976.0,15577.0,12606.0,13011.0,13416.0,16071.0,11972.0,15929.0,14408.0,14803.0,
12106.0,19852.0,15970.0,17395.0,17772.0,14993.0,14309.0,17529.0,17011.0,
16816.0,14741.0,13770.0,13768.0,18648.0,15722.0,12950.0,17772.0,18318.0,14646.0,
12184.0,14722.0,12771.0,18324.0,12910.0,17854.0,14426.0,18737.0,15206.0,15900.0,16516.0,12416.0,17915.0,13560.5,12064.0,12274.0,17658.0,16329.0,16780.0,15163.0,18761.0,15065.0,16043.0,12601.0,
12764.0,15526.0,12283.0,18807.0,14787.0,15658.0,15767.0,15077.0,16325.0,13553.0,
18575.0,18071.0,18903.0,12385.0,13045.0,18251.0,19201.0,11969.0,16301.0,15465.0,11947.0,18659.0,15403.0,16277.0,12707.0,
19068.0,19946.0,13470.0,12595.0,16990.0,19712.0,16569.0,19234.0,
17443.0,16014.0,16265.0,19043.0,16474.0,19127.0,16720.0,12908.0,14126.0,16031.0,18056.0,
18585.0,15117.0,18864.0,19692.0,12911.0,13451.0,12700.0,19890.0,18722.0,18971.0,14263.0,12319.0,14293.0,14007.0,19003.0,16930.0,18160.0,14048.0,17460.0,
18257.0,17465.0,16677.0,16408.0,19590.0,12370.0,17627.0,11998.0,17739.0,15151.0,12078.0,16559.0,16738.0,12312.0,16687.0,14468.0,13200.0,
12461.0,14238.0,18404.0,18394.0,17549.0,13577.0,17477.0,16270.5,15064.0,12010.0,14231.0,18771.0,13207.0,17085.0,15934.0,14185.0,19896.0,14688.0,17594.0,16070.0,14453.0,15383.0,12731.0,17226.0,
14413.0,17212.0,15319.0,18361.0,14299.0,13542.0,14484.0,18764.0,13238.0,18075.0,13473.0,19029.0,16613.0,16209.0,19830.0,12873.0,14442.0,18769.0,12494.0,18126.0,19758.0,15435.0,18825.0,13743.0,17918.0,12069.0,19984.0,14021.5,12902.0,13819.0,16261.0,18979.0,
18941.0,13747.0,18500.0,19788.0,12157.0,18741.0,17174.0,12114.0,17625.0,12434.0,19614.0,12064.0,15880.0,16535.0,
18302.0,15501.0,17761.0,17416.0,13308.0,14609.0,18646.0,13474.0,19539.0,14053.0,15058.0,
15532.0,17931.0,14020.0,16873.0,18764.0,12508.0,14814.0,14328.0,11898.0,
14471.0,14052.0,13274.0,14162.0,13266.0,14544.0,17389.0,16514.0,16822.0,12523.0,11996.0,15850.0,18057.0,17691.0,14564.0,12005.0,19446.0,15228.0,17053.0,19378.0,14274.0,17681.0,12525.0,16403.0,12386.0,15110.0,19103.0,19668.0,13697.0,18206.0,17187.0,11945.0,
16628.0,11937.0,19233.0,15065.0,17233.0,19961.0,19399.0,13399.0,15553.0,18231.0,17513.0,15789.0,16841.0,11901.0,15504.0,13677.0,12751.0,19124.0,18884.0,18057.0,
18233.0,14245.0,19198.0,16554.0,16846.0,11951.0,16645.0,17812.0,14838.0,15757.0,
16084.0,19036.0,16119.0,19864.0,14386.0,18410.0,18901.0,14029.5,19998.0,17645.0,16566.0,18969.0,19674.0,
19341.0,14722.0,18537.0,17401.0,18795.0,19626.0,18641.0,14555.0,17619.0,18187.0,19897.0,12914.0,19161.0,19934.0,18487.0,15627.0,16672.0,16660.0,12858.5,12873.0,15450.0,19032.0,19850.0,19609.5,19369.0,14661.0,15752.0,12024.0,
17477.0,15253.0,14504.0,12111.0,12442.0,19120.0,14060.0,14755.0,17476.0,13938.5,14049.0,14347.0,14311.0,16567.0,13315.0,14675.0,17446.0,15787.0,
13052.0,19127.0,19524.0,18948.0,12162.0,19604.0,15055.0,11957.0,13696.5,15436.0,13548.0,12317.0,13740.0,
18135.0,16591.0,17144.0,12039.0,19037.0,18503.0,14800.0,13222.5,14386.0,17127.0,19068.0,18963.0,16493.0,13819.0,14460.0,14095.0,12130.0,15491.0,13395.0,14777.0,15246.0,19054.0,12935.0,
19128.0,16752.0,11929.0,13334.0,12695.0,12056.0,13727.0,12965.0,15815.0,12518.0,12465.0,13129.5,17610.0,14605.5,19032.0,12291.0,12484.0,19808.0,17325.0,19725.0,13429.0,18481.0,13907.0,14492.0,12634.0,
14291.0,18423.0,18315.0,12406.0,19097.0,12254.0,16588.0,19696.0,18999.0,16691.0,14383.0,17619.0,19462.0,19189.0,16639.0,17570.0,19371.0,13644.0,19609.0,
