3523,16310,14134,3736,8841,19708,19195,9739,16412,8731,6748,17114,12701,15472,NA,3484,2421,3969,17387,6308,18570,4172,1445,11297,13740,17147,19473,6518,1229,4416,18096,8173,5092,8778,9017,15408,16082,9184,NA,10462,5851,6655,19050,19382,15080,14267,3098,2674,14276,6575,10628,15696,NA,12280,197,NA,16959,15697,5036,3095,17860
741,17020,15731,6035,13079,10992,9739,14670,4946,4835,4046,10609,17633,13295,19600,9205,4202,52,8675,NA,1052,NA,4978,3306,9485,17965,3445,744,2588,15718,465,2662,1066,18638,12395,NA,10092,6985,15424,1131,NA,463,NA,16949,10248,6085,NA,5015,2857,NA,4251,2865,17848,18472,15706,6874,14026,5828
11866,3538,10745,1968,12112,1051,3770,11366,4298,14473,12914,1661,7269,10229,6328,NA,2576,11352,12547,5304,6394,10870,14769,138,5508,4565,NA,15307,15992,2646,17163,68,19856,10433,3217,5593,NA,4396,2801,8704,NA,5630,5237,1575,4897,15991,NA,19618,4729,NA,5590,7439,15522,2813,16863,9569,17733,15656,664,1493,16216,1015,14360,5434,7743,5689,3004
4666,19467,4591,13523,9792,16706,6433,19275,3368,3952,1543,6301,11460,10738,4015,9487,486,3906,NA,12374,17698,586,6531,12510,18036
10691,3272,7350,3353,1490,699,12675,5568,16300,6626,13888,19476,4244,2434,10341,9420,14700,13005,NA,6207,8403,6975,5007,18796,10405,7505,2648,6908,11294,18128,8479,19739,15183,14862,1423,2263,12004,14275,7328,9245,1079,7627,13872,1059,10379
5976,4652,4027,9618,10974,5127,18682,11410,11785,5608,4477,701,8863,16106,14620,18463,19413,3459,17359,19436,13433,NA,19788,NA,13349,14169,18117,9616,6910,4849,13957,NA,11579,16435,3281,16134,18152,10152,11691,9515,12296,NA,15857,NA,18287,16383,12427,17580,4971,19807,8780,19227,7197,NA,16288,16309,17855,5017,6970,710,1278,3066,4952,8465
12392,4549,17787,17821,1304,10503,3583,8557,17675,1680,5941,19898,4384,3791,7120,4152,NA,11723,17951,7883,64,7013,17453,10630,20000,8317,18033,4721,15402
7923,14726,11040,19908,13613,14133,3222,1074,17078,13292,2237,6253,10223,8009,1883,19161,18914,15888,13543,700,13894,11156,6703,9269,11875,4065,78,16474,16642,17468,6881,14479,7643,10314,NA,3149,1367,9203,13735,5415,17144,3287,19690,10009,NA,19978,15410,2539,5235,17481,18992,8476,NA,9226,8316,7603,NA,17453,13857,18206,18359,5076,17070,1775,13718,17871
19495,5622,195,14479,19481,6118,340,17961,7088,2572,5993,16395,1815,19815,15616,14377,8317,8925,19531,17498,10166,8807,1344,8350,5796,17218,15719,17916,16110,18602,17173,2838,NA,620,14192,4258,10140,1568,12325,7107,17198,NA,19913,18047,NA,4632,18619,6417,12131,8180,1191,8256,6685,19089,15152,NA,13242,17577,4637,447,19715,13773,17459,NA,6545,8395,13755,18553,3232,18567,12874,15935,12847,13910,4365,3571,1279,8978,9496
17208,9469,8914,6903,14771,18909,10397,18715,9319,9972,14726,4041,NA,8909,1315,14387,3664,12994,10584,6279,NA,10771,5614,12377,13380,321,6698,10796,6373,3327,12103,2140,17017,14073,12735,13991,5561,4912,14818,5266,11198,17755,5310,7312,8075,8518,987
12004,13242,9423,3398,15875,5085,1410,7313,9299,3698,14549,NA,12704,4942,17706,18817,17726,7408,3350,NA,16799,NA,15671,17014,13747,10997,1775,13811,10519,374,10813,5151,5952,17869,12141,19906,7250,2329,7109,13277,4282,NA,1832,15263,NA,1494,14609,1214,11289,NA,8143,17402,NA,4871,12874,13492,1889,15631,1232,17447,16008
1539,14624,13448,72,1373,17549,12956,10961,6937,2482,19720,17640,4560,NA,3495,6808,15127,8598,2906,NA,16863,19449,NA,10744,4343,8767,5745,11223,NA,16717,NA,15000,15191,18147,2713,17654,2580,7584,13193,8646,16543,12498
15463,12473,13373,7761,1019,11896,1037,18561,2404,16862,16893,18516,16030,5069,16167,13620,433,12661,4054,19322,11700,4487,1455,14270,11473,17816,3527,15016,1823,15208,NA,12426,14535,487,7870,7052,16670,10706,19666,19235,17158,17300,4575,2113,14183,11395,8871,NA,4031,3378,9863,10195,19755,18929,17699
15198,1706,8072,15408,13175,7389,12095,11698,4296,11569,5952,14070,NA,12032,14437,5707,NA,12019,2874,NA,1046,19431,8940,16943,19551,12142,9105,3438,17779,13475,NA,19603,16035,16758,249,9491,NA,15792,NA,3811,6160,19846,14951,6379,9533,12611,14470
17671,18586,155,17590,5571,10377,7063,3751,10712,3813,4751,18558,3642,11490,2960,10425,7951,4735,14649,2293,17002,567,4295,17199,19023,18576,16553,NA,12188,5893,6987,14140,16232,17406,10388,6817,11950,61,519,3410,12622,15612,1345,18601,4970,8929,1337,9391
14320,12289,2800,17780,7385,14886,19738,14663,4244,19539,367,4261,1149,6799,7622,5306,3991,138,10711,11749,336,4566,131,3215,3443,3029,13104,14677,14761,10319,12756,18524,17169,19161,3120,NA,3442,4970,3925,559,18063,12645,15248,14344,14687,17499,8350,5326,5817,9482,15802,4973,15798,11650,12531,10688,5786,14880,14028,9940,15771,16736,16889,10215,4574,7415,8768,738,7105,1703,2779
14186,7862,7480,479,14269,15919,8929,7553,13025,1397,19544,16054,6430,1670,11091,19909,7632,153,9083,NA,6062,13513,4959,5027,9782,5237,1328,17087,17278
7381,13787,6035,19503,4402,8152,6996,2227,12018,12055,17121,16327,NA,5836,NA,4766,12795,6607,11178,4995,10368,14809,NA,19219,7283,10778,8373,17069,3907,16865,1793,14189,16109,NA,14515,14886,18034,8334,10215,12353,16234,7582,16952,10347,1046,8859,18003,12423,7467,NA,44,6480,15744,19430,16818,NA,19903,16162,13200,14188,11561,4924,650,3464,15404,2796,2031,12191,19919,4871,935,15651,2347
6531,2972,2535,10674,9601,15642,3128,3450,15671,6616,6678,7332,5008,15346,9189,19877,2825,10278,NA,19259,11914,6716,10319,1670,19172,NA,12734,2294,6098,10133,11960,5273,5553,6440,7985,8887,6019,16404,NA,12011,10202,8374,3044,10803,9074,8205,NA,14871,15992,4454,18233,1282,13103,11895,9794,2447,1032,864,3746,5979,3996,12292,8197,13177,3045,12587,17179,8425,15982,3812,3596,18367,10350,12759,13294,10212,9878
64,15215,15614,19172,7949,2756,14338,17565,16173,6419,7351,NA,12901,17003,8236,8218,4713,20,13621,3200,18558,4646,9808,19515,927,10931,6211,10937
15393,2667,17568,2395,534,2549,3863,5269,5074,2587,2797,4104,NA,6907,3779,3894,8014,10400,11402,643,19362,17633,3612,NA,10646,2473,11256,14369,7291,17753,16009,16294,16699,12038,16265,3637,3588,3274,NA,19780,4568,2818,13392,7974,14341,16619,19606,6449,15084,14400,NA,8705,9678,167,10366,8693,7997,304,11498,4693,10188,NA,11152,11818,10619,5558,19965,482,3172,3281,8737,18973,1168,13509,14553,18476,12767
9871,8751,197,19724,19117,11213,11885,476,9104,3009,632,8737,17320,19789,18636,7427,6826,12720,NA,8699,6927,4308,10785,NA,988,1758,378,13906,NA,13164,498,5204,1773,6166,12185,1687,17642
6888,5097,10498,11326,11695,9912,19535,16729,12785,15464,13131,NA,4990,14480,5311,18370,NA,13355,8830,18656,10610,15677,17768,3635,1106,17938,10270,4664,15245,10703,2124,12047,967,1211,18797,4836,11105,13975,6572,5392,13385,NA,17478,917,17214,11040,802,NA,11316,3025,11420,NA,10712,6738,NA,5652,8543,15621,4121,9351,NA,19452,18051,5869,17543,6693,6187,16091,4513,18521,12582,3002,16852,13878
17231,6345,16997,3289,2697,8069,768,19270,13053,12025,12137,19554,4020,11724,7191,14954,4885,15793,2868,13760,6355,682,12074,4092,3505,2996,18086
5865,12919,11205,10120,3805,19559,5545,4566,16286,10761,3322,13514,4256,15588,17967,9590,8704,NA,8270,17717,3376,9047,10855,NA,18142,9283,7064,3805,8594,19092,3451,8107,NA,13495,10564,NA,4906,8806,NA,6712,NA,2051,13607,11711,10324,668,13457,1146,8381
2878,4026,987,19697,5689,394,7626,14698,9786,9356,10811,4638,6927,6513,3496,15374,13460,6231,18113,2598,6686,13798,5337,6120,15943,11782
13356,13448,16895,10160,10563,11996,19470,19049,19427,10232,18411,6502,11312,NA,13236,19845,NA,13224,181,4705,16478,323,14023
13344,652,5937,17015,12102,17226,1384,12443,15912,5650,14629,1201,NA,12280,11361,5256,2998,8589,4631,132,18538,16932,3111,12956,7350,NA,19150,1001,16317,5177,14581,3310,16868,12223,4171
7056,16241,15295,17866,15092,2683,12126,15285,3390,2704,17086,15329,2060,13970,11911,NA,5852,11424,14853,16474,15213,17151,557,12384,1773,11182,1575,6256,9467,9431,7437,14022,12076,7761,19051,8636,4905,6230,2241,5905,3677,17229,5195,18000,4494,1443,17736,16411,7064,7462,12480,696,17683,5923,8871,16100,15396,8848,7368,18650,10098,1143,2371,13331,19774,1120,NA,9905,6630,14690,16945,7605,18209,11552,15519
2959,2994,12610,1033,7839,2564,13201,10358,15212,458,17340,15509,13222,11581,14761,NA,17943,7830,16979,991,7537,7958,19314,10406,15080,7062,4965,11220,17878,18863,12435,14664,6648,12344,18268,17976,15577,9635,12606,NA,13416,16071,209,NA,4721,11972,15929,14408,5631,10955,14803
11676,12106,19852,5298,435,15970,17395,1385,7319,17772,3489,NA,14993,81,6757,8302,3680,6195,14309,17529,11764,2386,17011,4986,3604
8279,16816,14741,7699,13770,10365,1796,10711,3195,13768,11495,6824,18648,9119,15722,NA,3041,12950,4224,17772,18318,14646
2734,11849,7518,12184,11484,14722,12771,18324,9631,1313,5185,1999,NA,12910,2230,673,3066,5914,7629,10150,9470,NA,11255,10200,10023,1509,NA,17854,756,602,8760,1427,9410,4861,10693,7709,NA,14426,4839,351,5021,3609,18737,2365,15206,15900,2010,7138,3255,16516,NA,2268,9984,12416,5631,6145,5541,17915,NA,9206,12064,8249,12274,7466,314,5759,5189,17658,16329,16780,15163,NA,6276,18761,15065,16043,12601,8006
12764,7829,6211,3172,15526,12283,18807,4208,2207,14787,5051,3072,15658,15767,15077,16325,2701,13553,8976,7574
18575,18071,8688,1644,18903,12385,13045,18251,19201,2958,11969,8515,16301,15465,9515,8706,11744,11947,18659,15403,294,16277,4618,12707,11182
8738,2903,6203,235,8,6237,2685,19068,2929,6588,195,11618,11672,19946,11440,3496,NA,8519,13470,9059,147,NA,7785,7279,5669,12595,3963,10729,16990,1229,6363,1800,5604,6803,19712,16569,10530,19234
17443,3900,16014,16265,8202,8667,19043,16474,2846,19127,5161,1999,16720,12908,14126,2352,11208,1297,16031,230,6751,18056,144,6255,653
2007,9514,18585,8995,6930,7856,3116,1790,15117,18864,4896,11648,2810,19692,3301,12911,9662,7568,13451,8087,7561,592,5510,NA,19890,18722,18971,NA,9555,NA,7190,12319,14293,1936,7413,8943,11752,14007,9517,4324,964,NA,19003,16930,9674,18160,11555,5114,10527,14048,967,2012,3757,17460
18257,17465,8704,16677,5025,10728,16408,2772,19590,9523,12370,7788,9155,4287,2409,17627,11998,3127,596,265,17739,3865,15151,2831,6048,6646,1745,12078,2625,16559,16738,12312,1194,6778,NA,10186,NA,2956,5743,16687,5435,8044,14468,13200
9244,12461,11053,14238,530,2811,4654,18404,18394,17549,4288,13577,4770,2064,10185,11265,17477,NA,15064,NA,1025,NA,8147,NA,12010,11009,8640,10402,10857,14231,7412,1882,18771,13207,1428,17085,15934,14185,19896,NA,9480,9081,10111,5806,17594,NA,5516,9741,8372,10537,16070,962,14453,9779,4279,15383,12731,17226,7919
6790,10187,14413,4804,3065,1267,6752,17212,5659,15319,796,18361,NA,10237,4780,9595,13542,14484,7679,11071,7825,18764,13238,18075,13473,19029,5100,16613,8611,16209,19830,10315,5075,12873,14442,18769,12494,NA,9211,18126,11442,19758,6247,5694,15435,1290,11722,4655,11634,18825,13743,239,17918,785,NA,2657,7340,11485,12069,19984,NA,8059,463,5601,11101,12902,5660,250,6126,6772,5748,3925,7504,13819,16261,10426,11403,18979,3412
5928,8692,5114,7944,18941,13747,8191,18500,19788,10221,12157,18741,17174,5132,9263,1519,2569,5242,10246,9036,5715,12114,NA,405,17625,9555,3620,6866,3719,10854,NA,12434,19614,7138,6522,NA,12064,1452,15880,16535,11843
18302,8717,15501,6359,48,17761,8332,17416,3138,2380,13308,10937,14609,9950,18646,13474,6440,19539,10359,14053,15058
15532,10432,4737,9220,5568,10733,3965,6108,3004,7598,7961,NA,5188,914,NA,17931,7453,3140,14020,16873,18764,3251,12508,8215,7546,14814,NA,4236,NA,14328,NA,1983,6974,1746,11898,4794,5382
14471,1417,5865,3265,14052,13274,8310,14162,13266,14544,17389,16514,16822,12523,9441,3148,3973,8507,11996,15850,8677,10147,8262,11044,6126,10780,18057,5220,9922,2626,9244,7165,17691,14564,12005,19446,15228,8285,44,9927,17053,11398,554,19378,2060,10013,2595,14274,8069,17681,294,7796,7226,11425,208,5113,2733,12525,16403,NA,4830,4714,8269,12386,10125,15110,19103,19668,4043,8057,1578,13697,18206,17187,11945
11447,16628,2216,2456,10515,10052,7905,11281,11937,3991,8731,3451,19233,502,15065,17233,8347,7333,7863,19961,4838,5645,541,19399,8603,8304,13399,15553,2584,18231,17513,11066,15789,6593,16841,1963,7130,3117,11901,2158,15504,4471,4124,13677,NA,2411,NA,12751,NA,8083,19124,9728,18884,18057
6477,7125,1442,10170,18233,14245,19198,16554,16846,1272,6265,11766,11951,11725,16645,1906,6113,17812,3686,4512,14838,15757,2359,6803,5982,10257
16084,7416,10836,4371,19036,16119,19864,14386,4893,18410,5186,NA,8498,18901,404,8061,NA,19998,2172,17645,NA,5451,10218,8666,16566,18969,1911,3109,4371,19674
563,4902,19341,14722,9070,8019,18537,10141,8541,1196,11799,10126,NA,1372,1388,17401,18795,4314,19626,18641,980,11808,4172,8462,14555,4785,17619,18187,414,19897,NA,2123,NA,2217,2213,11437,11103,2400,452,9110,12914,30,19161,19934,18487,15627,5449,NA,9914,NA,11004,16672,16660,NA,9057,12873,15450,19032,19850,NA,19369,14661,15752,3362,12024,7129,7494,1218
17477,6181,10585,10428,5597,11863,4990,15253,7965,11135,14504,NA,9718,4748,12442,19120,6970,14060,NA,8071,14755,670,17476,NA,10401,14049,9878,9074,14347,14311,NA,3497,5875,8936,1026,10385,2802,16567,11864,82,730,13315,2849,NA,2294,4425,14675,707,11637,4925,5274,17446,15787,1922
6172,5523,13052,2893,2831,1619,3497,7227,19127,1097,9313,9899,19524,18948,675,11330,10602,5472,12162,3250,NA,19604,15055,8506,1133,11957,NA,15436,13548,NA,5812,3419,12317,11583,13740
1803,18135,16591,4759,17144,8930,7185,10673,12039,4619,4760,19037,18503,14800,NA,11645,NA,17127,11238,10729,19068,9987,311,10710,3384,1694,18963,NA,447,NA,16493,13819,3610,6944,14460,14095,11526,12130,15491,13395,4319,9552,5967,14777,886,2984,15246,4158,6045,NA,11572,5422,7793,19054,12935
19128,4149,9334,3086,4543,16752,11929,3836,7001,9617,4215,13334,NA,12056,2395,NA,13727,12965,15815,5268,12518,7477,5191,12465,NA,828,8649,NA,17610,NA,11601,19032,12291,7025,12484,11201,6680,959,19808,8155,1386,7698,NA,3091,487,9176,17325,654,5785,19725,1973,989,13429,18481,11272,13907,8693,7994,6419,14492,12634
7589,4259,4849,10046,14291,18423,985,3956,9975,18315,12406,4610,8036,19097,7749,1239,11416,NA,3161,12254,16588,NA,494,978,3341,5894,19696,18999,NA,14383,10136,893,4213,2303,17619,19462,2939,4147,5504,19189,8809,16639,17570,NA,3353,19371,2132,265,13644,19609
