1036777788,-1473655702,-226340364,950430721,1284046350,720660111,-629543535,-2090759784,-1779126787,-1060616448,-567517904,646419751,1332320851,-607436341,-445938290,-961639227,-1749450624,588580878,-769915691,-2057651017,-874882190,-815726406,-1923181043,300437453,1715648041,805202330,1193785297,-1026358772,337646474,598934675,1226738246
-1293189262,-1580935891,1035409481,-983103069,-2071094003,1604563537,1795915751,-1723177917,-1987787159,-403460012,289058321,245824928,-594210491,340109108,-984964720,98493973,2075348271,1272666400,1593272630,622992968,-883339571,1940454717,1891062101,838609291,-1786569606,1721643687,-1999637387,842916485,1635373076,-1520656459,-539024576,698185233,-292929005,-1037909632,133552065,715171941,-686632482,-1256869978,-2037209139,67356791,-63643815,-1770203061,-1767085375,1242690971,975948226,1412364384,634717805,-343303312,51677117,1973408807,864524111,636635133,655240364,1257403382,993290243,603406358,642576196,1600907578,600861690,464287236,-1589738147,1658773438,701837674,-1998993820,-1653085944,677936941,1710849669,1791139663,-2129536282,-950312747,1924795884,-341936709,-1969572425,1438490029,2018319974,-598168288,-1357289679,1451964569
796185950,-1022975470,-1858180885,-213952696,1952342749,-1814127240,540248365,1587281086,-13024011,-1623263888,-1600737763,973980553,1253768848,-1213628212,1558522360,995722346,2146051342,-1891749832,1525514235,1872178876,1427925352,-1957999985,2078051366,1396035308,1885966231,-1045128598,1888412483,-258668503,-1672742858,-1205378822,-2109100250,1934619991,-1114791834,-1508236777,-126973131,-811555512,304790513,586456472,-621664982,1342350893,-1346286159,1923975653,-1617582569,850285642,-4758990,32564169,-513857622,334356456,2109198486,549119884,114145714,-51888496,-859855431,75564864
1334672245,1039441300,-2101120421,1394249683,-485287119,-1256239386,-1888025978,892790606,-534346060,-416682736,828416435,903164619,-471420551,-642857920,2121825653,1987441717,-1273663751,1303368658,217881483,-1183188496,553921380,-45929742,-1338006595,1995621916,1237777294,-761926779,-71699733,-260332006,1081358375,677517129,-525317278,2030976590,1709578287,-955151558,1545909873,1001229862,-774439256,1619709239,-117740741,1877913691,-997691508,1565167589,1585893071,1041685367,-1380982783,-1707667245,189456757,2046453398,2019808714,1573434591,402238794,-1136601488,-394851839,250971863,-1531999729,1768830614,1112965891,-1090290590,-1416672707,-1789771013,-1101342294,725591329,-45374116,-595450443,1791761857,-1428772847,1462530964,-1131819771,-807727692,1508717362,-739012988,1657675156,-1916168825,1943880045,-1964086446,-1712749313
224877234,1874772482,1910550677,1504300360,2062889568,1932908043,-2128253857,-1653709497,-1996666902,1464022055,2000285280,2010453486,191720886,-2035222166,-30993891,545133889,385636936,-898304106,706496607,-1241679660,-1029658721,-1157674324,-1900527818,-261204098,-1972509473,-245091386,1541768769,229233229,771661359,-70759132,19313453,-483313479,631013092,-11310205,-371078534,1461304347,-389680673,1633665205,401797253,-1556388257,1086514226,1054872430,533374658,1271678968,-1460630007,1834033243,1121720648,1739329812,1451648455,423065720,-832290670,-63731184,1494524271,1147957410,903535491,-1281450194,1847519813,-1349388693,-1779792470,56554373
1999527469,-421696057,168832824,894336626,-1955692959,1749053582,-1834582806,-1896547103,1788718129,56007594,117631601,2123003320,1061711179,320036100,-425680695,-618950686,-587730185,1056039492,-104257718,1106778790,-1899908501,-1234932585,-705878499,170004743,1388818013,-184640333,-274572308,-1306595476,-629455398,1747581719
-841597052,1916640342,1986281623,420733104,1869774435,420867843,-369417449,508386911,-572014352,1944546149,103918230,-1750629724,1746254467,-1676322010,1106727534,-1541694455,1789987274,-652363482,-149325095,217703949,2071588844,1017086934,1012657847,1933088163,-872098321,-1983684410,-1804762739,-1220364065,-1950661538,1364354427,1467615696,-1045897746,-1845350107,1412438406,-2123678876,-2101299897,1088210880,-72743471,1610491487,912270112,472977300,-1956616901,32202257,984839202,1682314396,-256849305,263982152,-1930057377,1634301512,683986641,801535183,-271773821,1696891041,-571203807,1433447736,-58878647,-1589169232,1749711043,2021690587,-1119513295,1217518880,-252220233,-2010375906,-1286535569,1311516706,1316420517,-552734219,1358580006
-727752908,-1386904916,1758396885,-1659691435,-374238053,1707277028,-29181935,-138507765,-1387299721,612062170,1566583924,-826985499,1762894815,-1262426641,-1369073195,803376078,968100533,-2141105564,541545913,1942213074,1415215935,-1989032604,-1260944376,-1749855811,1131562741,285135943,436785667,-1539754751,1238662300,-1142588396,1756195957,-2055401764,-130487405,-1503722424,695379240,1610712762,-1469872020,-1356740139,1743584154,-1702509353,-1729427779,1620391533,-1735426831,360613160,1961802808,-776509441,-1801146581,55768187,702488825,-180925311,1309571993,-1733837860,-1679982305,1814967792,787860621,197451323
-1357895020,1726599762,-1412871093,1752558161,1528460680,-361094308,-165064020,-1220415658,-1862517895,1398156224,-1725741493,-1388813418,2062358445,-2135973915,111678217,-667168094,1898054983,692381307,1122734234,-1584222267,2077300937,223587756
-944074667,-1778856487,503521170,2104779095,-360433843,-1943540409,1960339944,1445094050,179062296,1523535694,-4223741,2105099911,-1660049745,-931725799,811443714,-1697879033,231211749,-1513849719,385951812,-1563115887,1250286849,-1479002827,500677146,2144954024,-105702003,-2057022031,257468605,-299867966,1345202797,-1405117933,1582180226
1024121650,542821555,1708576331,-33450549,-1264591184,1982332465,-547615935,-1157602565,-427006515,1039055291,1662090175,-2027626434,-689100901,-75974257,-396599151,-380348427,919933609,305586111,-708730531,-668355308,344932245,162953011,-420736159,-1810410051,-2039154458
-1706821794,553706537,1417407512,1808863655,-1045699885,-1273013809,-1169303561,544408406,2055637102,-478179138,385633328,69238646,728503231,1049495374,91770404,-1974065883,422382638,690534903,1126102783,-345845838,-869534929,1994012544,-1524015351,-68402846,1777734067,-663792805,1809803835,768423537,-1734924063,-716498353,-1739437547,680731735,-1330972155,-906826409,-1336096594,260188491,1542117832,1753671370,301248780,610922508,522502817,209251771,-1413879627,-637629474,1265408651,186063778,-1973088634,-1307275054,-231759880,480532539,578859714,340782155,1977430533,1074024365,-520782739,80298428,1549232110,-1280432401,1017303003,-1339699274,76622787,199987815,-188560765,-807788255,-1528378277,916468435,611428376,638586569,-1894172023,-1439736724,2023613658,-1322461924,-1599904371,-1110135736
-1283702223,899967693,-1876553729,-1957983654,-2142093300,286297285,582755217,-1260581683,-314294496,-779737798,-899151481,-896249026,-802142956,-2042427723,-2144591529,1929475931,-1579179062,1317667119,1654603788,752813975,-43017060,378502664,397954854,364217917,-1769311256,721381182,645559742,-363903544,2015344846,-1633825318,-1663553554,-140691855,49464632,799474605,-626657169,597850376,-1824343526,1135287356,2094753922,-1190802681,-817923078,-1410594568,-1628704236,-1035657245
-1593523022,-655452132,-1535575131,-2138957964,-434945459,182339911,1113219769,-1877508081,1627787956,-1917665065,1209496326,1877315184,-95816178,1420562888,-1263535554,1305437546,19057712,-769048524,928292214,1630288825,381589587,-1509651209,1272473080,-1223243196,667454470,-1376364650,32360280,-850470239,-567456411,-1658209700,887452357,1774631390,1109453963,-985905978,1849068448,1045336958,-1115014076,-627804128,1367150930,-563349311,385778183,-1097799057,-300641702,-376694743,749973795,1707881361,-1505592156,1638099256,-1686198985,-707786590,390373153,1312149629,626397158,-1504433758,-171069293,-1578205231,-1658188341,80479572,-1597837400,-39905570,-1771333973,-1479526552,229322826,1123141600,-996262679,-1994439460,141617717,-611154769,1040314430
-1071768375,1397716988,185186216,1956647541,-1923998687,351358682,506435235,-846659038,1654561635,915412608,-66776682,1681463490,-1678079911,-1020153267,-1251801712,-1955737994,-296842176,-1865732597,76728115,1864919621,604521952,-1282510729,1031126256,704995904,-1931570980,100798977,-1622153100
-1899860405,284777423,2016220001,-14441782,1906139782,727626503,1696568129,1178297202,943152195,-1071451059,-82650953,-468137854,1537964258,-590838902,-388284938,473392154,1567898119,355013615,2144323703,1024663419,59572328,1166109753,-875441690,371614448,1806688231,717138742,2037501020,-171419669,60039394,1320996999,-1474325037,430614893,2105737930,-1965126234,306712278,1590191787,2145227762,-748510422,1160308856,-963777554,-1668828503,156978762,-1052844666,555480506,-270955638,-328168801,163695359,1174815282,251275537,-1461834707,-656057404,-804232006,-258283406,-441772637,-959693941,1131524062,-1842026587,589762274,-846789351
-194592571,-292487237,-1000906832,-1328923399,-467523942,899650300,1929576389,96460874,-113363340,1740801453,1921613558,1062510192,1727828794,596846231,508247866,1870601426,761044417,-1051801083,1054788953,1129016979,-67543455,-140626482,1773500063,-1268872645,-1914440762,983124369,-712571444,260634006,1790286595,-299473086,1451744078,1501416412,422683884,2026463206,-2048142159,-1267629551,-863966044,451799194,-1452558506,1203113390
-722084903,-1733684638,1939886465,2078246366,-871118083,-1431319559,442299601,-1167733263,2004788230,612879788,672729285,-102926625,1695772569,-427523025,-1673191419,-962091572,-767136948,1462838863,1493154977,336415720,1821705248,614201122,1193162802,-842377793,-809601714,902166399,-1424389570,1464597455,1344343878,-1848132944,999723232,-1003812773,418802420,-1870507418
-2069617026,-251065020,32409068,-757049153,1650298498,690110184,1141622943,-51407793,1324000114,1712790616,1110680478,-1669572063,-747416083,-2125979110,-366115139,-2067762810,552493116,2111224131,-1310051138,1433160571,1606070183,856197180,-888324414,1477102343,223710979,1971882953,-1211219204,674148328,-323983729,632437831,925033128,1228506990,1384260865,152257333,935174971,1327908773,-937581093,-317422347,1904029404,700446905
2021884626,-559241198,89067670,966537104,-977184444,-115538755,-2024905521,-721661464,1609358963,-163404726,-1956456768,-1023745269,1320264953,1332843810,-354476555,-437291735,1186850540,1962032483,-372288307,-851668101,-461529830,1363106513,639511386,-1777384113,-1680259434,707890702,35644555,-1121243548,379266163,-696523511,-1980923507,1743249527,1812327887,977410228,1958526829,263795229,-1957412845,-1796705799,-1224226047,-152719661,-2138550408,-1748465170,-635318520,732656723,-882402356,812996934,402899088,-2109402840,-1141461643
-789639785,189085828,-628810058,-71809399,-96857611,1809407825,2073720112,820438157,1819571832,-1108306299,907579308,704594895,-1454383536,1883584186,2079370263,-1708314452,-1583642963,119353597,-803976755,466261015,-412631898,-1216472859,1058761754,-1197711919,1783647580,214907879,-542244612,-38314536,-1707387809,498424296,1012297773,-2041265892,2043415632,496554772,-297822623,690300280,-1952479802,1040211693,801157324,-1456703265,-2040305547,318218406,1522400486,-1793058859,-1439358323,-648401742,-1173548942,837017377,1606036063,-1169108073,-1434964549,760882368,1296578118,769148423,535566369,-511325156,1115590340,-66755024,1645227219,339536254,-1658855701,-1288906158,1631634397,10332352,487466749
-840950427,-1403098298,1732293974,2060469262,275930928,-550678226,-1029289590,388195120,356345451,-991780411,1415824842,594270023,1248686504,1200408381,1560416907,-1064528557,810280742,1804849564,-1406920600,-396361697,-265962667,-1986153224,-964168633,-96242795,-598525032,-1229211935,-1868248645,-679497395,-894746292,1190969117,-647440471,-67960218,1992823048,1342668698,-491670739,-1604640103,-1826330074,-736450656,710069438,585779339,-1149531518,-1459579323,-853761137,-1045176479,-264295807,-714653658,395922232,103990681,-1096633003,-1998308269,1280911253,317990168,1525367166,-1158140789,-1879768338,-1584449410,531107219,316929192,-442965416,-926707263,-2073066175,-531270308,1983724634,1310504441,1576604308,2065219101,652899794,487793272,1210859381,1633020509,297584921,-1668280547,1833036659,1605574143,2015165285,-1271234071,1805425093
-1929083793,-364279854,583605135,590477965,980028501,-1308580137,1869159012,1414429437,526214080,-1212621484,-639809780,-1280686723,858282569,849986199,2090676358,-601689947,524031768,1540070578,-1182333104,-496404873,-1006053426,-2057011310,156356837,949664655,-430425692,-1386231472,1508953990,-830679656,-2120191788,380669895,677323325,-89799422,575214135,-1594567834,607576350,-337144335,1329615663,1922599750,-1746454065,1739136120,-422976570,-1508581762,-1416540085,-527319034,1163839255,668540598,-1966348318,-1671296480,-1727541780,-986687494,1795823747,-952505264,1309841320,-1638954544,-647916483,1093202269,-1784988313,468049291,-953073405,1744031163,-1855779997,608792033,-1108268369,-1916927163,1158605977,1525707707
-1661105111,-2123469653,-1886393268,-2116348024,906608930,756446216,1446382692,1063540120,1777725164,-1800854967,-800582394,-2006100963,-595898635,1859545822,-1934598857,185643895,1119704912,-2101913623,-1123900136,-188841145,-772893202,216012649,-886438345,1487343154,-1635022065,648230555,815076641,-1071637020,1044657909,1170386844,-1307965381,-498336936,990138075,-9327278,1268119505,1996074837,1209355557,1247029645,-207123601,-500545733,1649725655,-1504196248,1284941935,-98622977,1965883467,-1726768139,-1780484653,-1785624205,514056990,2014486296,-76265132,-1829495862,1219618667,1380396723,1592349115,413321563,-2074147269,488882691,358224494,1626237605,388578107,-357065911,-627375027,943534739,607011759,-1829483092,-2142310466,-1488355072,599644327,-1121239715,312923142,471652732,1150867567,-702513668,1315467226,-906165680
486716218,696008501,928878527,-1163612317,1416484798,-1040383380,-649568370,2117818364,-1231483316,-2066734465,-1043085114,402303976,-617750236,-1787853135,1667597240,-520970432,1011454888,436383577,418221634,1817822287,-854627776,-1032967686,-466317233,518827984,-1724052351,-1143098735,-888306525,123923548,144729484
-1829590568,1752903965,627091124,-26924346,-1131282525,2131218375,251809891,636579911,2119029851,-1753248311,-1607965379,1655975659,-906352964,-1104782145,-1466750075,882321104,-546840601,774153769,167715008,35661000,-2032457299,102440546,2072839063,-1697640338,1285186828,-819178806,-830072831,-585349255,1033340153,-1655412923,-958527071,55695956,-49426081,1081784041,335941740
537548391,1546669042,-1178911858,-1656994099,-1636465670,-1278647559,1857291918,-1446084248,-1382497917,1756327269,-1364222801,72825782,1451424249,-458471647,-1465160039,-238267391,-1352965092,952537999,-416678343,1418993920,1776421630,-1772980804,-910162716,-1626142939,-816719164,1650005972,1120622530,804032307,-1429195347,514635223,210316905,1193726482,-1143843501,-685367412
-2030547482,1101069361,-136059466,-129439418,-822773667,-56149148,-365779323,560698410,-439049656,-1715384139,-1001837233,1771064636,1515454573,462217431,-478520961,1524114093,-533271142,1040978412,-869662515,-305947597,537704957,-2046735795,-168738641,-993549960
931239818,-1070468338,2011161268,-432565090,-1701314129,589314621,642557848,151675259,297029321,1984190502,522463341,-405354958,-1471939928,-152681275,289265021,-1062417552,8152805,1777842138,1249915057,1240580466,1112114982,220764634,1946164603,1269570596,-1027306080,85790758,1709886198,329809002,801790941,41654399,35757130,-1865057604,-964576321,402450360,16888661,-772208904,1780327620,-938573908,-1488518777,-1027903117,-1037561462
9765645,-1389268656,291907989,1382283471,1714260017,785366037,1882112848,1348139499,1593848063,-1152908678,-82279855,1101099592,-1144815828,1333290628,1500845537,-169937937,-781016525,-946618670,-2107417670,1904167403,-593927743,658127671,-1550161134,1035714811,-1970681261,-1650508152,-1901343784,1445185410,-382894052,-732790346,-1466212803,-1946478398,1021238315,571462686,1485813365,-1435310263,-2083244083,492440863,-1253707586,1294383786,1919552047,702218989,1377845665,1000141936,155106376,1892391588,-1403599241,1947611216,1205688053,222578080,-1153017298,-1930038371,182611813,1921482763,1951494733,432168960,-1655114314,1767711926,-679262156,-1503666841,-1866282528,-1146181076,107336360,738783037,-669304110
1853838223,-1630426916,375378906,-496047241,-1393263113,193557823,1661869129,-343222735,1025013852,1539646972,751512918,949656171,-2138816726,335969648,911491650,-2001589959,1088629632,-1919571909,707110589,-249200608,2050662966,1307859438,-801659000,-1906411797,1414475553,672760067,1426549082,-2048846146,-2094428011,-216021491,874236423,139841131,1709340458,1979730480,-2003521569,1209145348,-1073480253,60184786,-1235915948,-821206096,-1321460276,1824522386,1681985247,-4629566,-116677694,-482687112,-1777737437,-468593145,-992909320,370863726,-1199354543,1588201055,1716113303,-609290257,-1468533298,-809384306,-879306267,-1148688899,133942547,-708376749,1483029962,1769857880,-1555277611,-631980358,-2046338160,-16102420,-1563458715,201451438,782698218,1856981130,-438067368,2137548498,-1707381449,876179931
-806033264,-889152505,-1070649711,-73673569,1754139761,1728211933,462602462,2023034027,-567119441,1025823542,112408361,1939315347,-1869448952,1378870730,-1722862593,677529491,1067700180,-1375337455,-1761099449,345299522,-293988263,-1634795768,542155449,-754488845,1418806110,-1387580364,-1192305775,-440859554,745238269,841868775,1357732735,1649445248,-634560835,-493988927,-822409504,-9117249,2080497887,1509119865,-1163620813,-1108348336,1505604856,-864712227,-183514939,-1713245219,-1899837505,-2085604329,-955939153,2088832865,2042288168,-1476816591,-160297470,1480287574,380557745,471802842,-1823230144,-1647320302,-1702778885,-764730263,-275620595,1666484846,-131473509,981748514,-441347291,-597225560,24113202,-116819272,-1963272048,2133782922,-2085438534,-2015424749,2044475668,581332939,-1769580766
-1945431573,-367918156,-1557807075,-606082541,-1732121162,904150790,-504783817,-1530915087,1164684209,2110141722,-477932247,1578389582,1300063783,-1202007478,-2015549843,-715097518,-1402745817,1037419919,-1451954157,-1778736078,-1853889929,954523755,-82779435,-1677572939,-176529464,938807561,-1408607895,-1192215821,2029262891,634018466,2119987990,-283142304,168635331,1576300577,107561866,-1322553080,-1079776068,505402633,-666784791,754862875,-1312313221
-831966935,-852242772,367722518,1266319138,1271948188,506846389,-31204346,-1222709814,592817102,-1014350754,880805659,603630673,-2084204400,626420094,1633586351,971338051,357616212,-1166850207,220132894,854518877,503297980,415415243,-578165899
-1693448340,1343583805,1700658024,1284617203,1856154407,336553846,-475568503,-886160687,149776409,861777212,-935900745,-542927581,-477849487,645461595,-839650348,-571023577,562491955,-1168399634,34714298,-303822879,700344139,608380124,1540326254,-1267505343,-446270748,117990565,1246892438,-1834302843,-663132166,152251998,954907176,1512516316,-1133800147,-1213666566,-725645980,-450649525,-313241128,1234643402,1688488963,-112547116,1894926434,-734085562,-1002144848,1911497684,-671510061,722236941,1103113911,-1322575444,-1175488854,-1497846998,1607895804,2116643748,734062829,-1216924008,836934701,-1681298421,-1099035776,1876264712,-108061381,-1004937566,1333156538,765255648,-478616315,890960186,311839285,1995113607,792652374,1611483802,-1398772763,-602680353
-2138199129,703165547,-956131310,184959659,840736446,-253775701,788139665,-1683399720,2075246948,589021339,134114394,297544072,266482721,-314463394,1478812281,-1824234732,-1490346840,450273424,1186490064,2083405748,-1084250565,-2136933661,1641792793,-951628492,-1320410035,-345155606,726481964,-1350337049,-627688600,-1016276684,-1401934979,-676290085,-1745079216,1527636637,285578473,-2008301746
1550969312,-817596751,376372831,-372531627,1069034351,-1349566010,856038408,922132961,2138986630,-1777078202,-773679029,676805153,225809021,-1988591546,472388523,-1591156008,-1745139875,1536022226,-1138978851,-1336048098,-1735736394,538922801,-118519873,-254286020,181767599,1385527916,-87682423,-165193766,-1835147938,25613073,160007745,191306588,-867187110,1740204340,1054428532,1462115464,1862985357,549767862,2086134818,-1369319061,-1080578482,1152625609,1050030073,1005169021,-404712018,-1913056334,1231005638,1059963395,-147270895,-1476062767,257752616,-942695244,1379886848,-1895743778,-198556794,-1602247521,-154758850,-1292005771,676901698,-569488053,1309999896,1314534611,1638113326,1834285087,123167489,147039457,1243821118,-704820220,577631581,-773723534,1455355775,1869865800,-1985249635,-1725111095,583881288,-759335995
-1351932579,1139572398,632542530,-233257754,-1166444833,1223990588,1419938328,529329969,22368379,-1196826397,-1265586664,-1013579833,-985351842,332465711,1157656492,661014067,1905942648,968329660,-1446348997,1887400126,-1103303550,-379301401,1866326226,-1211551928,-838547390,1002225607,-1844204544,-2131841189,-1183584499,-684369058,340706816,-133216899,2088729997,-1285255413,2114982429,-1077946427,-1956967740,-1388239293,133698642,1126161840,1387400528,54363008,975577648,2023622964,196858096,1577828728,-1853932028,657845525,-933576634,249967506,719650872,45167736,-1488976162,435878293,463942393,420233141,941150063
1979778074,-322487695,1012572767,2003098468,-1709379273,1659502314,-426202996,-1423555707,1579733533,554850964,1218696777,-67369373,1823843689,-1387690011,-732675418,-1181269245,2117403502,1071051117,1006251764,-2021404859,1931500379,-1139568088,-229014905,-585235879,-562798947,1101170455,1593491133,1928737393,-169001342,-1599560180,784903999,-1191061064,-1256808418,719728070,446847622,-1299868031,67922546,-1372396739,-235080031,-1683850557,16241353,1007562813,-1758861772,-333160763,-433697947,-218491079,294715843,-86627563,340670555,-1838084008,-1737510608,1065110974,1399819963,-692837420,-223241854,-152777031,-1828929037,-1615866492,914350823,1870641059,635085684
-1854907653,753517232,1586239637,912370498,-1861355702,956204255,1707657912,1758939867,1728609299,-1331263633,1745630635,740609960,-453948593,-454490992,-1482901425,1236961554,-1253597199,1024473950,1717603198,-1167142433,2062989678,-1876259062,-539966678,-1423186817,-1853047938,-1977490086,-38224447
-1080474076,910555219,74622424,-48720358,638519788,1035833139,-80221689,-1009850163,1936972915,1193136804,220647185,195093038,73339180,480653359,-435388344,-946519109,1283332704,1938981102,622150191,145141466,273921654,-136550523,1299884896,691975657,-1872351884,1742739794,744622000,-1758958957,2127913669,1374160611,-375699056,-1041433243,681164604,1575360424,-116183626,-2019409248,-1606863016,-556241687,-623807237,1918644304,1892676041,-859643911,562452615,-504387171,-1306635725,-788156500,305699882,432417632,-1993970639,-26406651,2094523149,778513913,-1057021284,1541183284,864889481,592793695,1159952140,-13326658,-270692522,-1389715336,-1243034210,-180393987,257016040
-382785289,777383115,-1885944043,1340443313,151691913,-1522172550,707984890,-1846878286,-933911788,-1308081914,-1674286049,-680266352,906993520,593736845,-1528047911,312457598,2086952329,884123135,1511667951,1814790102,-76282455,-1756912111,1043103616,1086802216,-491486212,-1674566282,1484501284,1690354836,-1572274607,-1829785263,373678928,-1968463012,1077174814,-548535580,1198957054,-1258090060,135810758,1120523917,1385934220,-30840612,-276701155,-1192378893,432878308,-1427607952,-388358869,-538746500,-1122049572,-354044674,-1004007633,-1149967102,-794720800,899936729,-215038745,661873605,38995150,1122196524,-565066226
-103487455,-272602799,-2058437850,-95813755,1050661968,1209104995,42159479,1404279067,-1678994824,-1971761391,-1922923690,1307476428,569479224,-1901243979,-1456661334,2080527080,77461980,97259684,-332090452,1215712543,250204860,-1114539833,-500587027,-1752750282,-1318801434,1442555242,-445642339,-1218538504,1092811002,-1093904045,-663211255,1617474409,1405342549,-1266649834,-1663332763,284353345,877140850,1142423207,986108363,-771579240,-988475252,-543257039,1548143491,-687178531,1006868102,-1676856283,228413572,168701964,-1744358897,-115594092,1645743931,-2128182752,2063999745,-701762623,1950042762,-731350587,-668057334,-1982689294,1152303379,188411473,766017165,487793798,-847559499,1231069941,1917269450,1829970508,-1962162602,-441687761,-1964399557,-8279791,441244131,968345218,-1307494335
-143526252,1246542185,1422628095,435863060,60290932,-1631798904,1021210758,1594779305,619749408,-379551963,-1890537422,875014357,-40162866,-399663659,-230791341,-1640531240,-2062934896,2029461114,-1147429874,1850783148,-149489446,-859224980,644085381,1803550554,2129163585,-266341899,1660141110,-1937275256,-1160227707,901406723,-1138177632,-2124258474,1842485201,516300056,-1280293845,-967003797,-1435233984,-129595516,-1093636535,-1580550326,-2133812573,-499304746,1884011479,-1019564311,-1052412799,1416300688,1038939337,-1801321596,163287390,1841873945,1998732294,-1799350098,-553529024,-1705932297,1476862097,-2097287512,-1642499730,-39288259,-1214505752,-1850525707,829633659,-339313087,-1830016848,-517032915,-2004318590,-764182126,2143764625,-311892975,892084658
-624752545,1730505439,1839331084,-2117333027,-1415517318,-927420184,759586667,69133084,-1018470538,1273797471,-1282877244,-2135526697,1704078589,1121480050,578737071,-1558931010,-253238540,372057758,798446886,1260155565,-706684964,-1044843969,1916825739,-1462311835,-514433670,-654738330,-639902225,-1287146370,1427573434,1119764462,-1234161520,-863218276,-1506328624,-1587994159,-900173404,-1285757728,1940080800,99413431,1460413268,-426046815,-2050571936,776898511,-1875513334,-1843285412,1865621882,1323755490,1726974447,1740885480
-900648539,123567791,1268226029,2089446040,1213300302,-2058484865,177146263,737088518,1115040617,757726560,-181045371,-1562835154,1333707499,1572325796,-378172921,1336621478,-2067738489,421759665,1154090121,-1009696556,259274816,146341124,1198461001,784980111,1683350079,720836729,2018573904,-771706874,-609693722,-10092088,-1546603361,-1199726368,1602940452,-1290006446,-1673184601,623752356,-1407960822,-1939411938,631576830,1743559771,151782558,-673576931,-1791393712,1388019316,-177635601,-1521222475,99117971,-1208205594,-493764759,1017153148,1623339390,-296311397,1503065962,-545968828,1666332987
216111124,-35465385,-1191590310,493638440,-706379420,-1019818749,-711520247,1669705338,772968067,-404098984,-1523968126,-164759159,-1521413284,434449711,692842948,-883561854,1414537070,1800299886,-1989904251,958635284,-2030790174,-243180149,-388655514,1690877083,1754630880,-1240699570,-166550936,311340160,2040735261,-88016678,-1173520738,1725059806,-98866504,-2073823763,-808817116,924805481,1191734342,-1786052250
1932884107,-932079317,-1326003961,1726897957,-574693169,1776980523,1485032828,-6478065,1445238402,2004838208,1205256348,-1109066292,-831556713,-194556499,544867310,-1095312727,1272071115,1172579154,-462025875,-1947139602,-58331383,474370882,-1127831409,-1654288997,609445390,1936846738,1856733571,-2114695852,-390253232,-54848397,502413498,508440984,-2005605860,1119676547,-549648215,-173558215,1441166845,-298856865,-2077173812,1795358728,-1805198236,637049724,-1868429075,1594991055,-1321732475,-1913395145,-1954051163,-1170654077,-144733826,-1264726742,-990908125,54881978,-310613314,820486592,464292140,2097465178,-912814428,2089979915,1981991778,-1095389293,1990516070,92213716,838111432
1413607988,-1630622989,976478597,547566950,1367287964,-1699318559,870275815,547518423,425827376,1823887243,11563435,-260904396,1905458789,-623785112,-116059014,1374090270,-2086771011,-391831347,-1279102281,-990610574,-848854744,-905852801,65465207,1868906755,-931414361,560171402,1390242000,-1931225976,-1078760398,-2109206448,1873062742,139416536,-1315777572,-578788636,-243185182,-953194156,-767964108,-147536232,-195466859,1606761891,867326445,-255268140,549810716,-1328721756,626345920,89615657,-4111819
-184166256,-480703835,-1365399440,-584503617,1165227983,847057512,1267344442,2008728509,631671840,1191046519,1376465687,-2055933987,1711657021,1293275087,-1993232850,362181405,1480054299,887416509,-810812406,1516655274,-1482713013,-899966868,-1273881954,-2042383210,1517370787,-221206337,1582941578,-886357305,1163162397,1544836961,1517304988,1077627186,1740111870,-1404122343,-1748275560,-2086730935
-1207345566,-1231254469,148688050,1915367702,-2119720646,225068925,1527392568,-2135237617,-192011206,-1049017577,-1692149754,-1463981062,-343777050,-1379043772,200762897,-686544788,783307590,2146928842,569308118,-749530277,-1753769803,-2087883973,-723049915,1403585797,1743464440,-1386369160,-1740481796,-1746656752,1863054993,-94280330,-1863587912,1724190706,-1434968235,-1939308476,1160809736,1042713490,1875729980,-1011284148,-294020029,1454720559,-1936263816,429496280,-732778309,290335873,1485590472,-1471939880,703695922,752319517,476509197
-17119604,298535709,-185885155,270116473,414532806,-890214913,388731094,1009699473,1435085606,1126737869,-37718666,-814550702,1623867060,-720752514,269900842,1036935452,2073225704,-2073354852,435991012,-769124405,1884838052,-1570920154,-739229839,-1350345157,347627363,-1953181001,-1994553910,-1805348850,663560627,1980233447,-398718039,-1403774036,-1285051424
1700294751,-213713269,783152113,-695278956,2108446692,285491631,1440970200,-487252418,956335151,-1002227084,-1587355932,-109727897,-1895387192,-1667853429,1631747193,-1894183621,-673317478,-825466303,260334083,-563838085,785256973,-846476281,-1790019032,-1281475164,175253844,925696046,-755632324,-475766703,927907586,-797931023,661444346,-607005475,-1637770525,650854072,1633119599,1408346956,-1444587767,344738971,234564409,1072445035,-595676380,-2122896092,-1885924623,-1410906571,194726167,600014937,-2000055835,-716888969,976123591,-1005513736,-1263620086,461649847,-160263883,721328900,513592112,-138710958
-1124738688,940921207,378397668,-402995455,950552698,-1696452863,-1456325909,228359442,-1427933622,1605362408,-1664035666,252279854,-1760254181,301952882,1581630811,818276030,1934064042,541759875,1099043439,2075126527,-790391731,-1779946670,1369035098,2042242770,220831287,1256533600,-549254047,-1647840048,-575665926,266555556,1633915334,1968764577,-232493492,-1336153846,1418334503,1873965197,-1382119923,-1482010850,-1928254685,-99988909,1662908552,-1137214972,-1703848125,69257529,-895708935,994843307,1127269398,569595748,-1833790386,-1767004862,103716253,1862528105,241385521,-1367474710,-772200983,-346690781,1401140806,354204844,-1951060990,721062086,2089736113,1128545452,1997925643,471077172,-1126378278,-1618220385,1715788707,769170575,677213556,-1055095174,-1114027635,-359527921,1415601338,-1191555989,-1578692718,-668838892,-1377382917,-350996212,322260901
-1347504807,126278870,-1625508536,-862701508,786364621,-1468763437,-1071720401,-119966429,758732141,-1866781033,-801200862,-2045596416,-214545167,1324217712,-1220808409,626555632,1471407987,1568863964,-1638753569,865779694,-970437259,-1334912966,109043248,-780494932,-1009418712,-526751804,-1722368476,-82950489,-393501205,-368309571,160868624
-1134831343,1232952038,-700073224,1156926817,-109758745,1957209910,-482196943,521751097,-595412748,1696680905,-1554683320,479122789,-2038418814,-1555753704,738930978,-2022769093,-849263523,-855367063,-1993209244,13296530,223168730,-1910506615,925291796,2095358613,-1226867686,-329658951,-432535680,-1140334888,403367055,1695744997,-927648418,1524250544,-1724530753,-765284837,1324241972,-106086722,-954697912,1188391994,-1699192326,1893778381,-1339530717,-533409815,1162039805,1509788125,-1978214868,101607883,-1738054651,2132654463,896617953,528610800,-967947846,-1246124957,49784426,-1201579122,1237237315,-867914193,1409923544,1998877680,-1533578193,477064849,232642993,-2032284498
-207527785,-498733652,24959261,-1557622139,-645024963,-1327416648,-92453111,295033232,518786887,-2064312765,2146069153,-873982264,1972856401,1191643575,-359074382,-1111202600,1558322980,838281800,1172860440,-1979655064,974140234,-1845384980,1182865264,-1016541758,719131108,-1527062869,-40221678,-1487376199,939285434,2122930456,782254398,2139696837,350342291,1029024542,1456493204,1784015730,839771590,1331693055,886337737,-347017477
